image: 'output_map.pgm'
resolution: 0.0720000
origin: [-45.000000, -26.5000, 0.000000]
negate: 0
occupied_thresh: 0.5
free_thresh: 0.196
