image: 'map_3rd_floor.jpeg'
resolution: 0.0720000
origin: [-910000, -49.900000, 0.000000]
negate: 0
occupied_thresh: 0.65
free_thresh: 0.196
